1.940925383	-4.506664192	1
3.068280934	-2.062957847	1
2.520232995	2.583954609	1
2.058521326	-1.245933232	1
-2.355178816	-2.583713673	1
3.231011349	2.272018456	1
-0.733875831	4.054604147	1
-3.009061515	-0.91292343	1
2.923441634	-0.799628178	1
4.849413296	-1.087538856	1
0.532702461	0.812219024	1
4.62409567	-0.86425658	1
4.606298103	-1.270507175	1
-4.442635314	0.409375504	1
0.488074777	-1.49318116	1
1.607475577	1.990678745	1
-2.552627231	1.366753532	1
3.55788007	-2.0819914	1
0.484268262	-1.783062726	1
4.109463083	-1.069112079	1
-0.911989373	-1.355478485	1
3.941417353	0.899534862	1
2.050404488	-2.854853735	1
4.039062634	-1.778276164	1
-1.830537849	-3.811175428	1
0.23107025	-4.747591026	1
-0.203580296	-4.71504164	1
-2.252607767	1.811031355	1
-2.338865804	-3.463863819	1
1.056759732	1.956656468	1
-0.238261531	-0.840687279	1
4.227004367	0.856907573	1
-0.595243368	3.485146514	1
3.319082491	0.990830433	1
3.897309149	2.725626048	1
1.738901368	-3.496124746	1
-1.335080804	-3.695838063	1
-1.896857305	4.229419583	1
4.269752075	-1.380743578	1
3.708522862	0.815411598	1
-1.982028261	0.802885863	1
-1.801679319	1.658991228	1
0.458253474	-4.685381743	1
0.237235035	-0.812756636	1
1.351992411	3.227948456	1
-2.044709919	0.131681387	1
-4.660126036	1.65838523	1
-2.559514969	-3.356522742	1
-0.893332131	-3.422535363	1
0.10104243	-3.430306078	1
-0.198745179	1.204563009	1
-1.765053027	-3.732811999	1
-0.578388053	-0.852200503	1
0.69750046	1.140013037	1
2.64801627	2.455454315	1
-1.554990401	0.015984254	1
4.378678051	-1.131765156	1
-2.431671739	3.811253056	1
-3.654356067	-2.16948647	1
0.317060721	1.90947861	1
0.032328405	-4.060675584	1
-0.115250775	3.598831869	1
-4.928519309	-0.184557021	1
-1.266922777	-3.823570843	1
3.462677882	-2.831629614	1
3.25864486	-0.852159841	1
-3.144202282	-0.961134541	1
2.925536919	3.474777492	1
0.854265122	1.164893331	1
-0.086046374	1.822600124	1
1.12350111	-1.752843571	1
-0.084103897	3.125119453	1
1.791778266	-4.192138382	1
0.182275467	4.477821507	1
1.110090961	-0.528656352	1
-1.856754136	2.55615108	1
1.195097065	3.426899293	1
-0.021982773	3.227925565	1
-3.022052894	-2.699758059	1
-3.906566622	0.661869476	1
-1.610769414	2.169106704	1
1.597530878	-2.870396201	1
-0.535058701	-0.317632377	1
-4.719894305	-1.524529716	1
1.773800721	-1.016287977	1
-0.363852286	1.588401756	1
0.137993474	-3.048147192	1
0.052140586	-2.224913801	1
-2.557276459	2.387996664	1
-2.652765808	-1.204229589	1
4.33400476	2.237669403	1
4.523739887	1.595016749	1
-1.126155099	-0.220679937	1
0.782704384	-4.223011513	1
2.374055736	-1.044913883	1
2.22705788	2.36877681	1
-3.360243307	-1.550979512	1
-4.76522366	0.92793754	1
3.222624044	0.241447463	1
-2.58023129	4.233050691	1
1.439056378	2.337838844	1
1.149934477	-4.025558296	1
-1.531419841	3.783282247	1
-3.612420518	-0.65465993	1
2.111914775	3.60450468	1
-3.272319867	-2.440311563	1
-0.171800129	2.103282215	1
-1.0140863	-1.473766932	1
-1.862687391	-4.63760774	1
-0.024020912	-2.068199617	1
-0.859543801	0.276052473	1
3.238081483	1.882770067	1
0.618419185	4.654483884	1
3.498627567	-2.118723144	1
1.255990764	1.784185775	1
1.392606973	-2.698807046	1
-3.295827845	-0.809732823	1
4.952421305	-0.120299601	1
1.743617992	0.932695076	1
-4.327998608	1.629876743	1
3.146638478	2.493547615	1
2.979579509	-0.72726282	1
2.183814714	0.063605614	1
0.510043551	-3.232055136	1
1.424614145	-3.165600427	1
1.178266674	-1.275530469	1
3.311268657	1.942469305	1
-1.92189914	1.400355558	1
-0.192186004	3.094922075	1
1.18128929	-3.630318882	1
-2.279624319	1.048077299	1
2.281005254	-1.434584134	1
1.631001478	3.573108771	1
-0.223063841	2.565592576	1
2.770286229	3.596515101	1
3.252736256	3.739825109	1
2.911004328	-3.127662643	1
-2.57199359	-1.407754977	1
-3.635233362	-1.177629712	1
1.006399817	1.296682224	1
2.870693619	-3.796949027	1
-3.376757011	-3.254052121	1
-2.679515937	3.642006086	1
-2.544234696	-0.212296457	1
-3.144075808	2.230177925	1
0.666360854	0.344641888	1
0.206448823	3.254053148	1
1.997888094	1.956122525	1
0.810608394	1.838486508	1
0.133370861	2.109826268	1
-2.821979909	1.615107309	1
1.460745851	0.471121035	1
3.167796769	-2.219944898	1
3.226789393	-1.166591885	1
-4.164308578	0.239305039	1
-4.173431501	0.282251233	1
-2.092288279	3.403762435	1
0.741700878	-0.538493927	1
-0.893280131	0.960314056	1
2.164298788	1.818187046	1
0.688300924	-3.57740812	1
-3.112406997	2.583421255	1
0.166576493	3.187904045	1
-3.727241397	2.570447848	1
3.483089196	2.413931074	1
3.323921195	3.628743742	1
3.405698575	-1.297907887	1
2.743472173	-0.775888188	1
-1.446946243	-0.739646304	1
3.635734596	1.433666772	1
0.421326173	4.392327436	1
-1.964314807	2.593798434	1
0.651794282	-1.358582482	1
2.5689651	0.249410478	1
1.888775397	0.523397976	1
1.291599831	2.314498313	1
-1.964535273	-2.672588565	1
-0.415985751	-3.60631729	1
-2.026234036	-2.707394462	1
-4.45741901	1.419755519	1
-3.442949	-1.047570948	1
-1.393723269	4.652751988	1
-0.133120692	-3.990614781	1
1.831099375	4.537557005	1
-0.949066933	-2.262067161	1
1.668032247	3.75775545	1
-1.821482399	1.977072624	1
-2.886577148	-2.909102354	1
0.786997566	-4.093793756	1
1.138032037	0.636162161	1
2.279473276	-1.083399972	1
0.38068794	-2.335824793	1
-4.071988511	0.33871484	1
-4.226443264	1.801938193	1
-2.772025118	0.963035319	1
-1.531510492	4.143364205	1
-4.103058977	-0.219564738	1
-0.40879706	-0.027709597	1
1.599505412	-3.534946199	1
0.86437238	-2.986995188	1
-2.949160811	-3.768584829	1
-0.122640101	0.117199974	1
1.283021548	-3.148822746	1
-3.188072583	-0.667022638	1
-2.007786597	2.737097392	1
4.06958723	-1.640869585	1
2.01956763	-1.995780992	1
-4.211144855	-1.372858836	1
-2.465538323	-2.388524569	1
-0.807625528	-0.491741129	1
0.550227557	2.023390725	1
-1.34424339	4.029511204	1
-3.383258237	0.625070817	1
0.238951253	1.939312329	1
1.630943402	-2.422424157	1
1.325408536	3.664426634	1
0.32997314	2.164428126	1
2.053126497	3.774300278	1
0.344660615	2.439764132	1
-4.403538378	1.882673181	1
-0.971430347	2.404758355	1
3.877413741	-2.025626594	1
-1.966272126	0.922129788	1
1.06756966	2.459217223	1
1.247636831	-0.84925787	1
3.764738026	-0.481645212	1
-3.832135126	1.548812918	1
2.831636315	2.376270953	1
-0.165241275	3.258207539	1
-3.37160507	2.177923045	1
-3.32942892	-2.25950079	1
-0.315821523	4.108001414	1
-3.183024553	-2.400629597	1
-1.172880962	-4.717383075	1
0.40359021	2.249552845	1
3.11601047	2.832405571	1
-0.70253325	2.326416011	1
-0.723592445	1.568859512	1
-3.462485123	1.787119271	1
-3.350526822	-0.165567026	1
2.909269714	1.733287937	1
-0.318718868	4.055494678	1
1.3826366	-4.164787378	1
2.909231145	0.540207814	1
3.668449951	-1.758611644	1
-0.397611134	-3.200917077	1
-4.576089202	0.328079921	1
-4.018975515	-2.161193255	1
0.202090679	2.523922377	1
-3.786008992	1.001326288	1
3.238480012	-12.25295546	2
1.746930035	-13.57473163	2
13.73015521	-5.944588821	2
-9.584196772	-10.51821667	2
-7.886566769	-12.26260935	2
-12.36981272	-4.862281202	2
13.19087047	-2.523617833	2
6.067931493	-12.33202506	2
-0.811959151	-12.56749956	2
6.072432546	-12.97678225	2
1.897142082	-13.41577799	2
6.259757833	-12.54632024	2
1.755563589	-12.65252771	2
7.591318889	-9.11513849	2
0.949600222	-13.4145212	2
13.00768517	-0.257293127	2
-11.16344475	-9.157297079	2
-13.62769147	-4.704016941	2
-13.25978011	-4.759583276	2
-11.59167913	-2.347072933	2
-3.169791699	-10.25540058	2
-2.218932202	-13.56078395	2
-5.213864268	-11.62682525	2
10.93361989	-10.04312449	2
5.847350976	-13.76123747	2
9.56101642	-8.324026322	2
14.15357524	-3.030738815	2
14.6791665	-1.2601638	2
-11.41757248	-7.866196441	2
-13.32401548	-6.212342065	2
8.591311743	-12.12140657	2
-13.11424062	-3.981312168	2
1.13746721	-14.22186416	2
1.313287329	-13.73458549	2
9.792172691	-4.565090272	2
-0.634594422	-13.32604735	2
-4.605476181	-13.24160283	2
6.980509487	-11.68319084	2
8.971463941	-9.478295205	2
0.934270558	-14.81084809	2
-6.700360323	-12.91983687	2
-13.01524944	-6.631459381	2
3.487183796	-12.57730051	2
-9.413344848	-10.16056248	2
-14.52769166	-2.04218294	2
10.64829125	-10.32324177	2
-10.18491724	-9.733382359	2
-2.208795564	-12.07324783	2
7.812759087	-11.66910831	2
-4.854109363	-10.25091855	2
8.917187349	-9.717360131	2
-4.57406691	-13.31980016	2
8.081024642	-12.43662588	2
8.672931734	-11.62354378	2
-2.430018478	-13.25964625	2
-14.32243406	-0.882012593	2
-6.703375925	-11.40483007	2
-3.516578636	-14.50887766	2
-9.890193343	-11.23745343	2
-11.92964431	-8.499812393	2
11.11376229	-6.968997687	2
-2.920173836	-13.04897232	2
11.71547333	-4.310740032	2
-4.836954071	-13.59345856	2
10.99802564	-9.750580006	2
-4.708536982	-14.009309	2
11.3245505	-7.773682883	2
9.962267001	-9.649430427	2
-4.482045755	-11.0552128	2
-11.47605618	-9.254523196	2
10.5634328	-8.172214853	2
12.11229602	-1.945560608	2
-7.601375387	-12.63171804	2
7.362105722	-12.33653848	2
-2.815380822	-14.42485809	2
10.97503447	-6.328752038	2
10.54481675	-9.364178494	2
-12.17645726	-7.060046345	2
10.66467968	-4.937605929	2
13.18439866	-0.419637115	2
0.571803205	-12.61043258	2
13.30260661	-5.061002837	2
3.457030665	-12.18061608	2
-13.02622269	-6.884059405	2
-11.77149843	-8.544745826	2
-3.781475556	-12.56595433	2
9.526845053	-9.604636115	2
12.09354856	-7.380459909	2
11.50930118	-8.929670345	2
-7.504449812	-11.70481789	2
1.472991113	-13.71167924	2
-12.34513581	-3.584519297	2
-12.56260101	-4.599008003	2
-12.94021699	-5.906106813	2
7.825173092	-12.4466704	2
-0.215832161	-14.24352582	2
-8.840452078	-5.996214702	2
-0.221328751	-14.10550261	2
-11.90526011	-5.953780399	2
-13.11041385	-2.287036261	2
10.44603767	-5.293095691	2
2.744517331	-14.25111876	2
12.53688579	-2.818505231	2
7.230065285	-10.17365405	2
3.324495197	-12.49228865	2
10.92850345	-7.159179166	2
12.71896925	-5.081431163	2
13.73972595	-0.478819598	2
-13.14570252	-0.021573308	2
11.99684897	-5.396897256	2
4.706204098	-12.74852559	2
14.04740861	-0.443657265	2
1.291957576	-14.81953462	2
-0.916030091	-14.22008053	2
10.68142043	-7.691625878	2
-10.98687931	-9.554697672	2
-0.070840947	-11.8323977	2
10.68914401	-3.441491232	2
2.661392744	-11.13770657	2
10.62973844	-5.620540546	2
8.754302962	-9.402552328	2
3.401561386	-12.28422613	2
-7.52925059	-7.376331997	2
6.82763638	-11.84733064	2
-11.14936267	-2.993075154	2
4.592406016	-10.99317686	2
6.767471433	-12.22392149	2
9.669722888	-10.98539969	2
14.06409432	-5.025878808	2
13.7564051	-0.765590949	2
11.21546111	-9.94872223	2
3.472383256	-13.27333675	2
13.24658892	-3.034761717	2
3.205484219	-12.469839	2
-13.25983104	-0.708130102	2
-12.54450253	-5.005947679	2
10.29479746	-4.737705693	2
-0.725457389	-14.69309721	2
9.958668682	-5.278626258	2
-10.52603135	-8.133362638	2
2.37884876	-14.35012139	2
5.214342938	-12.06175737	2
-13.84600846	-1.396266094	2
5.121612716	-13.59094805	2
-6.160944704	-13.35435111	2
-14.64557922	-2.297591235	2
-0.399158009	-12.17740494	2
-10.31777623	-7.131551954	2
-13.64964716	-5.557836756	2
-11.06390653	-8.333906874	2
-12.13894527	-6.018613066	2
-11.53083605	-7.787311175	2
-14.39588374	-1.940626664	2
5.623477989	-12.43400405	2
-7.75145757	-9.482591769	2
1.617038501	-13.27042348	2
7.636308312	-10.85354637	2
-0.041419106	-14.91434161	2
1.564244189	-13.84911878	2
-2.428117211	-13.95990831	2
-13.17714145	-5.406437981	2
-0.392085494	-12.93895118	2
12.17092106	-6.057679992	2
12.66764126	-5.297188154	2
-7.912864828	-8.992131412	2
-10.904067	-8.37395493	2
2.872147892	-13.87356155	2
5.659793615	-11.99715332	2
-3.755589461	-14.08013248	2
-11.39002218	-8.606581336	2
12.82660038	-2.116999171	2
-12.92781935	-3.409116558	2
-12.3918058	-4.273542439	2
-12.99288419	-6.216060387	2
-12.37534815	-7.134224301	2
4.925775998	-12.33244681	2
3.250802696	-13.78651178	2
-14.66265108	-2.420555928	2
14.09215473	-3.094171657	2
9.34570646	-10.6909023	2
7.919439787	-8.548775225	2
-12.86275516	-2.596579285	2
12.53413423	-5.876940123	2
13.10559871	-2.739592051	2
11.10847192	-0.544908713	2
11.19411944	-5.313207155	2
11.38427039	-9.087742589	2
0.446415608	-10.61601173	2
-12.42546583	-7.754780234	2
-3.569876016	-10.82351844	2
-12.86084064	-5.754986217	2
-13.47259388	-1.311532151	2
12.10973644	-2.343914302	2
-8.05402415	-11.18160815	2
-7.037838289	-9.406334343	2
-7.063340474	-12.19889802	2
-1.432578611	-13.7974732	2
5.020482913	-9.992669122	2
-11.15171689	-0.885703269	2
10.51377926	-5.685445585	2
1.973095201	-10.5168885	2
11.92573207	-5.884228052	2
-6.696991876	-12.92988826	2
-2.350482575	-13.72895355	2
-13.40894819	-2.307236877	2
-12.43786782	-7.735674577	2
5.659607047	-10.08305322	2
-7.482664081	-12.7280327	2
11.05619434	-3.650599587	2
-12.66921978	-4.931356373	2
11.88392702	-0.43260128	2
1.721256145	-13.63131036	2
6.257051224	-8.229890185	2
14.37800062	-0.022963449	2
-9.030059509	-11.48046915	2
-3.923423656	-14.2575616	2
-1.649908353	-14.87609782	2
9.994749878	-9.154562733	2
10.60439827	-6.813986978	2
-11.0174552	-3.588267678	2
-11.49456022	-7.199640215	2
-5.901278037	-12.50360939	2
-14.13980201	-2.545895672	2
0.785958706	-11.41313159	2
-6.936967122	-12.23752244	2
-11.57674079	-7.127748652	2
-9.55993343	-7.364904958	2
14.18985707	-4.357877808	2
7.246999679	-11.79347185	2
-1.317225906	-13.25372032	2
14.29032261	-4.048105853	2
-13.30602294	-4.509557134	2
9.314778382	-9.579167706	2
9.856566977	-10.74595404	2
2.635937001	-13.39210525	2
-11.48729882	-7.504180959	2
4.246499449	-13.46977975	2
-7.660816584	-10.53982133	2
-11.35727298	-5.090378629	2
-10.83806406	-8.549647764	2
13.86433111	-4.749659872	2
-12.85805453	-2.935797294	2
-8.450122384	-8.060334342	2
-13.14144739	-2.240594207	2
-2.319401396	-12.52653479	2
-13.15629126	-0.549336276	2
13.81135228	-4.62270333	2
-10.74080704	-7.632663841	2
-12.56265516	-3.794490547	2
-7.396838961	-10.69277288	2
-1.633789519	-11.75958324	2
-11.91539651	-3.940753874	2
11.47201675	-0.166167695	2
-6.682968166	-11.47176039	2
-7.452844136	-10.08019019	2
-12.48641263	-2.4651616	2
-7.852536794	-10.68364591	2
-11.60221583	-1.701520992	2
0.230512296	-13.5160841	2
10.3965525	-9.675738337	2
4.989939036	-11.42554138	2
-13.85860818	-4.021182891	2
-10.99634891	-2.855162109	2
10.05002933	-8.461922299	2
9.837628444	-3.021891769	2
1.30772417	-12.27937453	2
-9.58759363	-3.42299612	2
10.396803	-6.334885046	2
-5.788927151	-10.38255671	2
-7.591011308	-10.04263429	2
8.450041053	-8.648075307	2
-11.85552615	-0.385125152	2
-13.70905002	-2.102804721	2
7.423172927	-12.74154705	2
4.741247213	-14.06864154	2
1.01173018	-12.3100067	2
8.901106879	-10.11492143	2
7.918857503	-10.39286866	2
10.53079286	-8.635366351	2
-7.769242387	-9.885669526	2
6.429811754	-9.301164718	2
2.355844865	-13.09248756	2
-3.859802986	-11.45180923	2
-10.60619448	-2.078222944	2
11.47461448	-9.481973339	2
-6.486321959	-11.58932242	2
4.954073961	-14.05543342	2
9.87525992	-10.43340562	2
-9.868346507	-3.372222851	2
-12.99857687	-5.522899673	2
2.201265364	-14.02940039	2
-0.650153399	-14.00090818	2
12.91193409	-4.626797548	2
9.955574336	-7.282950655	2
9.665429797	-10.66644225	2
-12.22688794	-1.989027555	2
-12.70445195	-2.96094274	2
-14.15384243	-4.041162073	2
11.78881546	-8.658746304	2
12.96131918	-2.345782243	2
6.994992563	-10.74307874	2
-12.72108281	-5.604018925	2
9.51194998	-11.29963895	2
-13.88873519	-5.017681762	2
-12.91320708	-4.995409678	2
5.511784446	-11.64489252	2
-7.488025019	-12.55458147	2
6.191473065	-11.79994097	2
10.40476901	-10.46170519	2
2.819025396	-10.54029392	2
9.343968074	-9.948290445	2
-10.53186467	-9.572796165	2
8.15383334	-8.963347388	2
12.8455798	-1.189899448	2
11.11855589	-4.939270297	2
-12.36872694	-3.435316695	2
-5.368465377	-12.03435577	2
-5.473859519	-12.56249502	2
6.09709217	-9.280126652	2
4.154428075	-13.07306344	2
9.957166143	-7.755487413	2
-5.031491267	-11.39580914	2
-9.944238909	-7.516681153	2
-11.52246641	-3.217125773	2
11.22864276	-9.778779716	2
-11.8456015	-8.933244108	2
-4.994006049	-13.63857048	2
2.310535498	-14.07857347	2
-9.099972224	-7.969674265	2
5.607407213	-11.73018182	2
-0.593251459	-12.15803315	2
-9.037359312	-4.670961728	2
9.921633614	-8.106963257	2
-13.47965903	-4.408211345	2
-8.410750125	-11.13390052	2
-10.05264227	-9.285132753	2
1.28917805	-13.25042764	2
-12.16031961	-3.595073347	2
-3.96888894	-12.94670984	2
-13.59118259	-4.645968599	2
-13.48123976	-4.963099472	2
10.75045326	-8.644506865	2
-8.722957403	-11.36085754	2
4.479285761	-13.28230115	2
11.68178329	-1.311131214	2
-2.852737578	-13.24736984	2
7.436025085	-10.59792176	2
8.348878949	-7.934465927	2
-2.50415039	-11.6566147	2
5.737720823	-10.79578889	2
-13.269718	-4.765860613	2
12.99786711	-2.744583923	2
-11.78002074	-7.869060323	2
-8.400944339	-9.30148714	2
8.447525312	-6.225903168	2
-0.53136743	-13.63753855	2
9.456148542	-8.391876726	2
-4.770117033	-14.07750331	2
-9.658569039	-11.16156082	2
-13.0434763	-1.532771935	2
5.587505116	-9.228581158	2
-3.094000344	-13.75333882	2
-2.201319389	-14.4076538	2
5.050455926	-14.04795598	2
-10.9986837	-2.076750346	2
-7.303889876	-11.18112063	2
10.44128022	-9.047716118	2
8.184412721	-11.53451106	2
-13.15124543	-5.463510251	2
-12.87459658	-5.578609726	2
-13.66685378	-4.080349939	2
-13.05321375	-0.320758202	2
-3.304317791	-13.41203061	2
5.495177187	-10.33354523	2
7.218444538	-8.564271135	2
1.463370829	-14.87735753	2
-11.93534899	-4.246989154	2
5.573655478	-12.68634302	2
-13.74292518	-5.768521525	2
-11.08911959	-4.977739044	2
-11.616394	-3.71775234	2
-11.65736364	-5.576495795	2
-12.80550704	-7.47850764	2
-10.70866005	-7.589116626	2
-6.842763272	-10.59609098	2
-6.515383075	-10.01642902	2
-10.19676006	-8.304840642	2
-9.205052839	-9.265508232	2
11.1485225	-3.898471301	2
7.924833929	-10.67851308	2
2.005630564	-11.33650822	2
-11.6479398	-7.621635014	2
-8.27419533	-6.503098134	2
-13.38070707	-3.31694869	2
13.91696626	-3.863682547	2
7.514095319	-9.896320248	2
2.4097988	-13.12736216	2
-7.618298607	-11.47394038	2
-9.741395215	-5.605316204	2
5.076407363	-12.53335886	2
13.99716752	-0.530804941	2
-10.62329416	-6.302075515	2
-10.05040735	-10.55492834	2
-4.755259623	-14.14947123	2
-14.20722184	-3.363435205	2
7.410720738	-11.35186519	2
-3.815798391	-12.05073639	2
14.29953482	-0.771847923	2
-3.761022783	-11.85130636	2
5.511402221	-13.8348148	2
-12.33066269	-6.497526279	2
-5.052737138	-12.92102889	2
-10.56261084	-5.855942517	2
8.33840219	-7.923853325	2
11.51324935	-4.934584514	2
-6.6113867	-13.05422959	2
8.131203152	-12.33329008	2
-8.545586565	-11.31847638	2
1.36984555	-14.19192452	2
10.71863179	-6.229327498	2
4.159283519	-13.15294197	2
-7.172691054	-12.60369365	2
-7.7714335	-10.64187847	2
-2.221472897	-14.80528024	2
-2.767253529	-11.16208228	2
-5.478204552	-11.60450165	2
2.473371763	-13.34842752	2
7.753313184	-8.125247946	2
-3.357751984	-13.85839162	2
-3.022248119	-13.39337799	2
-12.60182142	-5.213944573	2
-14.51230747	-1.11618294	2
-8.962221128	-11.56792206	2
-7.832811708	-12.13260417	2
5.951645119	-11.35343257	2
13.24021757	-1.802275502	2
14.04531894	-2.875029065	2
-1.537807653	-11.55539194	2
-8.485125564	-7.992095415	2
9.288105476	-8.510494511	2
9.909987826	-9.345583384	2
10.24321691	-10.86351042	2
9.849757892	-10.24832825	2
-12.09050091	-4.178601233	2
6.857127632	-10.68891942	2
-1.682634287	-14.51352807	2
-11.61195251	-9.134219948	2
-13.33262407	-4.263541433	2
10.65135594	-6.592954603	2
-9.795663204	-6.003202326	2
-12.69507145	-7.165741373	2
6.886103121	-11.98609383	2
14.05764664	-4.843156464	2
0.584182046	-11.22000394	2
8.219655296	-11.11373654	2
-11.22325683	-5.878921815	2
14.39373777	-2.119765315	2
1.560768337	-12.08472832	2
7.131097572	-11.25760285	2
-13.04956097	-1.505579775	2
12.01006623	-8.206020515	2
9.936432781	-10.02303631	2
-11.41329972	-4.526603724	2
1.007662051	-12.78037593	2
-6.154205006	-10.10204035	2
2.049835492	-13.94731465	2
-4.303746787	-13.08879261	2
-3.178932945	-11.63363061	2
-10.05065448	-6.411064099	2
-9.348233876	-9.670110995	2
-14.73400426	-0.951885867	2
13.32302868	-3.25726312	2
5.064514442	-9.660411037	2
10.91126271	-2.345060152	2
-12.616633	-7.118459673	2
12.95089283	-3.277679509	2
10.46175227	-7.87250281	2
3.477210636	-14.0182737	2
-2.437864204	-12.78750061	2
-9.417099598	-9.878729581	2
10.1149227	-9.991971994	2
-11.0428119	-9.653814015	2
-12.60586402	-2.576992598	2
10.44696148	-9.367168367	2
7.651895896	-12.82782849	2
7.120005901	-8.875070547	2
5.969791926	-12.47614683	2
-3.325119811	-12.7915891	2
-4.300270512	-12.03478801	2
10.52927405	-6.862580928	2
-7.789676121	-12.05807999	2
12.51519152	-8.246871713	2
9.586311644	-7.480697286	2
12.89376331	-6.454604739	2
0.216246288	-12.21053859	2
6.193195654	-13.64076677	2
14.30650673	-2.224738157	2
-2.321686484	-13.05174808	2
-14.01578064	-2.674511983	2
12.3614419	-5.499796041	2
5.807177154	-13.28327281	2
-5.710095829	-11.66258539	2
11.35267308	-0.106882897	2
-10.55027267	-8.963397882	2
6.8066635	-13.10831005	2
3.95175847	-11.54324936	2
-4.609079952	-12.46275477	2
-12.92186837	-6.189371929	2
-10.95550921	-0.866892111	2
-3.646187894	-14.40981177	2
-12.03231804	-7.855161371	2
8.947348335	-10.42447948	2
-4.810200663	-11.15055844	2
11.88671704	-6.459115023	2
9.127308258	-10.07967627	2
3.316120935	-14.61407377	2
-12.42334119	-7.712980974	2
14.77172626	-1.989570384	2
-9.49229461	-10.4531213	2
12.8079706	-3.092763021	2
-11.31753868	-9.590730528	2
-5.207841111	-12.41411806	2
-11.94140659	-3.367839125	2
5.602322467	-11.89423506	2
-11.97337655	-7.631125892	2
-13.59948599	-1.937721272	2
9.256313105	-10.96453177	2
-6.912007392	-13.29981118	2
7.205922188	-13.04756908	2
-4.872931756	-12.75850677	2
5.806750178	-13.73154374	2
-11.67313801	-0.795173842	2
10.69756156	-3.087167028	2
10.33490125	-7.481067415	2
9.6358906	-9.890638637	2
11.3586155	-7.557993976	2
-5.285876843	-13.76668765	2
4.925639888	-12.75829012	2
3.121697159	-12.9143236	2
1.289924744	-13.62236041	2
-9.232932981	-10.81517393	2
-7.559966828	-7.495120399	2
-2.190710318	-14.30796958	2
-8.973216701	-7.797084227	2
10.99774542	-7.757790066	2
12.52200496	-0.546993287	2
-12.97981533	-1.226622613	2
1.572854294	-13.97924128	2
-11.61075792	-3.257930553	2
10.27456969	-7.362256458	2
12.21899674	-0.416857159	2
-11.93932941	-2.548745735	2
12.62615863	-2.433310675	2
-14.66736735	-0.838512338	2
7.333378528	-11.25326471	2
10.25166973	-8.280162258	2
1.296991335	-12.04717141	2
13.96436188	-5.258679484	2
12.53316445	-4.11563385	2
5.6248823	-13.46732636	2
-12.63652488	-5.84328904	2
-10.12669159	-8.260389873	2
-12.34398187	-7.950700402	2
-14.30523956	-1.890325168	2
-12.65968506	-4.420835625	2
5.190789469	-13.55085967	2
14.47529136	-2.777289451	2
-5.860927631	-11.9120439	2
-3.572018869	-12.3862885	2
13.84539449	-0.681296079	2
14.53363224	-2.509282935	2
7.476390533	-12.06004359	2
13.06304277	-0.480276869	2
10.62186807	-9.554024661	2
-7.305238945	-12.9678155	2
6.681760124	-11.94153513	2
-9.845007168	-9.490541216	2
-7.662382971	-10.23927885	2
6.078685397	-9.566621853	2
1.06007903	-12.08655918	2
-3.15984615	-11.0830583	2
4.247578759	-12.71319592	2
7.424718674	-7.400497157	2
3.835046905	-14.27673106	2
2.26930213	-13.82353019	2
2.644274946	-9.839223819	2
0.40360525	-10.86407412	2
-11.87176092	-3.151442157	2
8.510067295	-10.31523565	2
11.78285907	-0.142295928	2
-4.61769221	-9.391081162	2
14.2053438	-1.286141597	2
-6.019314439	-11.49471405	2
13.51098826	-5.030625863	2
-1.887175242	-13.16947173	2
-3.573823321	-12.81459905	2
-8.610023193	-7.020104986	2
-10.25914683	-4.274215991	2
-6.50151761	-9.496872051	2
9.033748669	-10.50314756	2
9.667996613	-7.852213317	2
8.341689752	-11.96564306	2
-14.62235324	-0.450433136	2
13.13598047	-7.049827885	2
13.09630277	-3.260478134	2
9.285952003	-8.137324542	2
-12.26707279	-1.653945981	2
-5.102102142	-12.67493798	2
8.601152655	-11.50529491	2
8.547627022	-9.725331718	2
-10.20590422	-8.676655966	2
-9.288108579	-10.4724332	2
7.649029013	-12.65714887	2
-0.848509941	-11.97979283	2
5.392436247	-13.16843776	2
-10.16498065	-9.33411894	2
-11.2860862	-7.020126923	2
12.6459867	-7.497951342	2
9.768016071	-8.781001979	2
11.85950864	-2.476265079	2
-13.18379417	-4.647920931	2
-11.72551415	-7.556853674	2
-12.24498257	-3.940193776	2
-0.46558047	-14.47292989	2
-12.3185322	-8.556553068	2
14.15958401	-4.803641996	2
-11.21582137	-3.608810986	2
-12.29030438	-1.716310718	2
1.927884757	-10.59466502	2
10.49593328	-9.108192084	2
-6.497445246	-9.687180828	2
-11.16059793	-7.032787247	2
-7.124618033	-12.85951386	2
-10.82270209	-8.402882168	2
0.415754646	-13.03065035	2
11.75465695	-3.561126453	2
5.248724431	-12.24246845	2
-14.13819564	-4.669219499	2
-3.954122636	-11.0762302	2
-13.23339021	-2.293175456	2
0.058958148	-14.62831593	2
-2.350331744	-10.78846987	2
14.15778432	-0.108512878	2
12.40466825	-8.339216786	2
-0.570528261	-12.64828498	2
11.18439098	-3.850964516	2
-12.83944332	-5.921343494	2
-5.002357295	-13.89525502	2
13.54729145	-3.146542052	2
14.25087085	-3.778845477	2
7.584642578	-9.554587635	2
5.210239173	-13.36307002	2
-6.117472969	-11.40512887	2
12.96867063	-2.642060917	2
-11.06492187	-4.574041078	2
9.625530111	-10.87763006	2
6.196388303	-12.50119854	2
12.37747055	-7.155541313	2
-4.550829336	-13.75302948	2
7.983274684	-7.992197717	2
12.92636457	-7.361204678	2
-7.159609515	-11.47687047	2
2.344655337	-14.15204474	2
14.27740127	-0.937481117	2
2.246181153	-14.38399172	2
-6.083580068	-10.31808674	2
4.905297673	-12.44971396	2
-5.9062977	-12.61695397	2
10.69681973	-10.26802194	2
-3.892915068	-14.03942949	2
-0.354233448	-14.72708142	2
7.935235201	-11.31007987	2
13.76623321	-1.182094743	2
-7.53235704	-12.53391204	2
9.544622203	-5.333309364	2
10.03486815	-10.7486598	2
13.05621041	-1.892734186	2
-10.89866553	-1.096683419	2
-6.223875699	-12.89561651	2
5.852578407	-10.438694	2
-7.539956097	-9.202283495	2
-10.40960581	-9.199589934	2
7.710041235	-9.867288364	2
4.900300543	-11.87541374	2
3.698306269	-12.6393941	2
6.368958633	-11.54742899	2
-12.961212	-1.950907653	2
-6.359757117	-12.36480262	2
-1.833769439	-11.90217706	2
-8.846720725	-8.355083319	2
7.215379533	-9.003656245	2
11.55380127	-5.607031949	2
-9.117587397	-11.12817133	2
8.243731308	-9.288680538	2
-12.98351793	-5.998490756	2
12.3391687	-6.949898593	2
-13.18229046	-6.132530258	2
3.980565371	-13.99456358	2
-5.187468781	-11.60119891	2
10.49727584	-7.291255184	2
0.161723283	-13.61507949	2
-0.420053349	-12.84488297	2
13.48751924	-5.485279222	2
-6.455387934	-12.9846722	2
-2.171803636	-13.55878098	2
12.48162749	-1.436347764	2
-14.00029896	-1.871422063	2
12.37210367	-1.053594318	2
-11.08335595	-7.491936688	2
6.566498636	-11.33616892	2
3.666600116	-13.16854396	2
7.831129029	-12.76911639	2
-6.066168618	-12.9994433	2
5.515949055	-13.89617204	2
10.29976851	-6.945409213	2
-13.61015783	-0.824409039	2
-10.74968914	-2.899931503	2
14.30498918	-1.134795879	2
6.353474785	-12.3397815	2
-10.93579856	-9.717043462	2
-4.469739055	-14.28777415	2
-13.74483318	-5.543144206	2
-8.777553061	-9.858285319	2
-6.958341289	-7.310122618	2
-6.900589045	-11.80882124	2
-10.90116371	-5.651138853	2
-5.671588826	-10.96097147	2
-11.92650498	-4.794066838	2
10.79234218	-4.11093524	2
-13.69933713	-4.180494315	2
13.9812072	-3.123296538	2
-4.269087451	-13.00254693	2
-12.76460369	-1.915031694	2
-6.919768669	-12.81239499	2
9.262302443	-10.11727516	2
11.9005343	-8.953769784	2
2.07038953	-14.57820901	2
7.170941993	-10.82580737	2
12.93836198	-4.491974969	2
-12.75269265	-2.217106376	2
-8.066873425	-11.3760045	2
-14.31067831	-2.091395978	2
-11.70208874	-8.250578221	2
7.508194785	-9.066229057	2
9.326052959	-11.14766919	2
10.00731523	-4.042439108	2
3.385148947	-12.77801391	2
-13.92557552	-3.144184575	2
13.99714509	-3.465492929	2
10.55060386	-7.646634836	2
